folium:
  starting_lat: 14.6462733
  starting_long: 121.0460557
  zoom_start: 12